336
431
526
621
716
811
906
1001
1096
1191
1286
1381
1476
1571
1666
1761
1856
1951
2046
2141
2236
2331
2426
2521
2616
2711
2806
2901
2996
3091
3186
3281
3376
3471
3566
3661
3756
3851
3946
4041
4136
4231
4326
4421
4516
4611
4706
4801
4896
4991
5086
5181
5276
5371
5466
5561
5656
5751
5846
5941
6036
6131
6226
6321
6416
6511
6606
6701
6796
6891
6986
7081
7176
7271
7366
7461
7556
7651
7746
7841
7936
8031
8126
8221
8316
8411
8506
8601
8696
8791
8886
8981
9076
9171
9266
9361
9456
9551
9646
9741
9836
9931
10026
10121
10216
10311
10406
10501
10596
10691
10786
