-228
-167
-106
-45
16
77
138
199
260
321
382
443
504
565
626
687
748
809
870
931
992
1053
1114
1175
1236
1297
1358
1419
1480
1541
1602
1663
1724
1785
1846
1907
1968
2029
2090
2151
2212
2273
2334
2395
2456
2517
2578
2639
2700
2761
2822
2883
2944
3005
3066
3127
3188
3249
3310
3371
3432
3493
3554
3615
3676
3737
3798
3859
3920
3981
4042
4103
4164
4225
4286
4347
4408
4469
4530
4591
4652
4713
4774
4835
4896
4957
5018
5079
5140
5201
5262
5323
5384
5445
5506
5567
5628
5689
5750
5811
5872
5933
5994
6055
6116
6177
6238
6299
6360
6421
6482
6543
6604
6665
6726
6787
6848
6909
6970
7031
7092
7153
7214
7275
7336
7397
7458
7519
7580
7641
7702
7763
7824
7885
7946
8007
8068
8129
8190
8251
8312
8373
8434
8495
8556
8617
8678
8739
8800
8861
8922
8983
9044
9105
9166
9227
9288
9349
9410
9471
9532
9593
9654
9715
9776
9837
9898
9959
10020
10081
10142
10203
10264
10325
10386
10447
10508
10569
10630
10691
10752
10813
10874
10935
10996
11057
11118
11179
11240
11301
11362
11423
11484
11545
11606
11667
11728
11789
11850
11911
11972
12033
12094
12155
12216
12277
12338
12399
12460
12521
12582
12643
12704
12765
12826
12887
12948
13009
13070
13131
13192
13253
13314
13375
13436
13497
13558
13619
13680
13741
13802
13863
13924
13985
14046
14107
14168
14229
14290
14351
14412
14473
14534
14595
14656
14717
14778
14839
14900
14961
15022
15083
15144
15205
15266
15327
15388
15449
15510
15571
15632
15693
15754
15815
15876
15937
15998
16059
16120
16181
16242
16303
16364
16425
16486
16547
16608
16669
16730
16791
16852
16913
16974
17035
17096
17157
17218
17279
17340
17401
17462
17523
17584
17645
17706
17767
17828
17889
17950
18011
18072
18133
18194
18255
18316
18377
18438
18499
18560
18621
18682
18743
18804
18865
18926
18987
19048
19109
19170
19231
19292
19353
19414
19475
19536
19597
19658
19719
19780
19841
19902
19963
20024
20085
20146
20207
20268
20329
20390
20451
20512
20573
20634
20695
20756
20817
20878
20939
21000
21061
21122
21183
21244
21305
21366
21427
21488
21549
21610
21671
21732
21793
21854
21915
21976
22037
22098
22159
22220
22281
22342
22403
22464
22525
22586
22647
22708
22769
22830
22891
22952
23013
23074
23135
23196
23257
23318
23379
23440
23501
23562
23623
23684
23745
23806
23867
23928
23989
24050
24111
24172
24233
24294
24355
24416
24477
24538
24599
24660
24721
24782
24843
24904
24965
25026
25087
25148
25209
25270
25331
25392
25453
25514
25575
25636
25697
25758
25819
25880
25941
26002
26063
26124
26185
26246
26307
26368
26429
26490
26551
26612
26673
26734
26795
26856
26917
26978
27039
27100
27161
27222
27283
27344
27405
27466
27527
27588
27649
27710
27771
27832
27893
27954
28015
28076
28137
28198
28259
28320
28381
28442
28503
28564
28625
28686
28747
28808
28869
28930
28991
29052
29113
29174
29235
29296
29357
29418
29479
29540
29601
29662
29723
29784
29845
29906
29967
30028
30089
30150
30211
30272
30333
30394
30455
30516
30577
30638
30699
30760
30821
30882
30943
31004
31065
31126
31187
31248
31309
31370
31431
31492
31553
31614
31675
31736
31797
31858
31919
31980
32041
32102
32163
32224
32285
32346
32407
32468
32529
32590
32651
32712
32773
32834
32895
32956
33017
33078
33139
33200
33261
33322
33383
33444
33505
33566
33627
33688
33749
33810
33871
33932
33993
34054
34115
34176
34237
34298
34359
34420
34481
34542
34603
34664
34725
34786
34847
34908
34969
35030
35091
35152
35213
35274
35335
35396
35457
35518
35579
35640
35701
35762
35823
35884
35945
36006
36067
36128
36189
36250
36311
36372
36433
36494
36555
36616
36677
36738
36799
36860
36921
36982
37043
37104
37165
37226
37287
37348
37409
37470
37531
37592
37653
37714
37775
37836
37897
37958
38019
38080
38141
38202
38263
38324
38385
38446
38507
38568
38629
38690
38751
38812
38873
38934
38995
39056
39117
39178
39239
39300
39361
39422
39483
39544
39605
39666
39727
39788
39849
39910
39971
40032
40093
40154
40215
40276
40337
40398
40459
40520
40581
40642
40703
40764
40825
40886
40947
41008
41069
41130
41191
41252
41313
41374
41435
41496
41557
41618
41679
41740
41801
41862
41923
41984
42045
42106
42167
42228
42289
42350
42411
42472
42533
42594
42655
42716
42777
42838
42899
42960
43021
43082
43143
43204
43265
43326
43387
43448
43509
43570
43631
43692
43753
43814
43875
43936
43997
44058
44119
44180
44241
44302
44363
44424
44485
44546
44607
44668
44729
44790
44851
44912
44973
45034
45095
45156
45217
45278
45339
45400
45461
45522
45583
45644
45705
45766
45827
45888
45949
46010
46071
46132
46193
46254
46315
46376
46437
46498
46559
46620
46681
46742
46803
46864
46925
46986
47047
47108
47169
47230
47291
47352
47413
47474
47535
47596
47657
47718
47779
47840
47901
47962
48023
48084
48145
48206
48267
48328
48389
48450
48511
48572
48633
48694
48755
48816
48877
48938
48999
49060
49121
49182
49243
49304
49365
49426
49487
49548
49609
49670
49731
49792
49853
49914
49975
50036
50097
50158
50219
50280
50341
50402
50463
50524
50585
50646
50707
50768
50829
50890
50951
51012
51073
51134
51195
51256
51317
51378
51439
51500
51561
51622
51683
51744
51805
51866
51927
51988
52049
52110
52171
52232
52293
52354
52415
52476
52537
52598
52659
52720
52781
52842
52903
52964
53025
53086
53147
53208
53269
53330
53391
53452
53513
53574
53635
53696
53757
53818
53879
53940
54001
54062
54123
54184
54245
54306
54367
54428
54489
54550
54611
54672
54733
54794
54855
54916
54977
55038
55099
55160
55221
55282
55343
55404
55465
55526
55587
55648
55709
55770
55831
55892
55953
56014
56075
56136
56197
56258
56319
56380
56441
56502
56563
56624
56685
56746
56807
56868
56929
56990
57051
57112
57173
57234
57295
57356
57417
57478
57539
57600
57661
57722
57783
57844
57905
57966
58027
58088
58149
58210
58271
58332
58393
58454
58515
58576
58637
58698
58759
58820
58881
58942
59003
59064
59125
59186
59247
59308
59369
59430
59491
59552
59613
59674
59735
59796
59857
59918
59979
60040
60101
60162
60223
60284
60345
60406
60467
60528
60589
60650
60711
60772
60833
60894
60955
61016
61077
61138
61199
61260
61321
61382
61443
61504
61565
61626
61687
61748
61809
61870
61931
61992
62053
62114
62175
62236
62297
62358
62419
62480
62541
62602
62663
62724
62785
62846
62907
62968
63029
63090
63151
63212
63273
63334
63395
63456
63517
63578
63639
63700
63761
63822
63883
63944
64005
64066
64127
64188
64249
64310
64371
64432
64493
64554
64615
64676
64737
64798
64859
64920
64981
65042
65103
65164
65225
65286
65347
65408
65469
65530
65591
65652
65713
65774
65835
65896
65957
66018
66079
66140
66201
66262
66323
66384
66445
66506
66567
66628
66689
66750
66811
66872
66933
66994
67055
67116
67177
67238
67299
67360
67421
67482
67543
67604
67665
67726
67787
67848
67909
67970
68031
68092
68153
68214
68275
68336
68397
68458
68519
68580
68641
68702
68763
68824
68885
68946
69007
69068
69129
69190
69251
69312
69373
69434
69495
69556
69617
69678
69739
69800
69861
69922
69983
70044
70105
70166
70227
70288
70349
70410
70471
70532
70593
70654
70715
70776
70837
70898
70959
71020
71081
71142
71203
71264
71325
71386
71447
71508
71569
71630
71691
71752
71813
71874
71935
71996
72057
72118
72179
72240
72301
72362
72423
72484
72545
72606
72667
72728
72789
72850
72911
72972
73033
73094
73155
73216
73277
73338
73399
73460
73521
73582
73643
73704
73765
73826
73887
73948
74009
74070
74131
74192
74253
74314
74375
74436
74497
74558
74619
74680
74741
74802
74863
74924
74985
75046
75107
75168
75229
75290
75351
75412
75473
75534
75595
75656
75717
75778
75839
75900
75961
76022
76083
76144
76205
76266
76327
76388
76449
76510
76571
76632
76693
76754
76815
76876
76937
76998
77059
77120
77181
77242
77303
77364
77425
77486
77547
77608
77669
77730
77791
77852
77913
77974
78035
78096
78157
78218
78279
78340
78401
78462
78523
78584
78645
78706
78767
78828
78889
78950
79011
79072
79133
79194
79255
79316
79377
79438
79499
79560
79621
79682
79743
79804
79865
79926
79987
80048
80109
80170
80231
80292
80353
80414
80475
80536
80597
80658
80719
80780
80841
80902
80963
81024
81085
81146
81207
81268
81329
81390
81451
81512
81573
81634
81695
81756
81817
81878
81939
82000
82061
82122
82183
82244
82305
82366
82427
82488
82549
82610
82671
82732
82793
82854
82915
82976
83037
83098
83159
83220
83281
83342
83403
83464
83525
83586
83647
83708
83769
83830
83891
83952
84013
84074
84135
84196
84257
84318
84379
84440
84501
84562
84623
84684
84745
84806
84867
84928
84989
85050
85111
85172
85233
85294
85355
85416
85477
85538
85599
85660
85721
85782
85843
85904
85965
86026
86087
86148
86209
86270
86331
86392
86453
86514
86575
86636
86697
86758
86819
86880
86941
87002
87063
87124
87185
87246
87307
87368
87429
87490
87551
87612
87673
87734
87795
87856
87917
87978
88039
88100
88161
88222
88283
88344
88405
88466
88527
88588
88649
88710
88771
88832
88893
88954
89015
89076
89137
89198
89259
89320
89381
89442
89503
89564
89625
89686
89747
89808
89869
89930
89991
90052
90113
90174
90235
90296
90357
90418
90479
90540
90601
90662
90723
90784
90845
90906
90967
91028
91089
91150
91211
91272
91333
91394
91455
91516
91577
91638
91699
91760
91821
91882
91943
92004
92065
92126
92187
92248
92309
92370
92431
92492
92553
92614
92675
92736
92797
92858
92919
92980
93041
93102
93163
93224
93285
93346
93407
93468
93529
93590
93651
93712
93773
93834
93895
93956
94017
94078
94139
94200
94261
94322
94383
94444
94505
94566
94627
94688
94749
94810
94871
94932
94993
95054
95115
95176
95237
95298
95359
95420
95481
95542
95603
95664
95725
95786
95847
95908
95969
96030
96091
96152
96213
96274
96335
96396
96457
96518
96579
96640
96701
96762
96823
96884
96945
97006
97067
97128
97189
97250
97311
97372
97433
97494
97555
97616
97677
97738
97799
97860
97921
97982
98043
98104
98165
98226
98287
98348
98409
98470
98531
98592
98653
98714
98775
98836
98897
98958
99019
99080
99141
99202
99263
99324
99385
99446
99507
99568
99629
99690
99751
99812
99873
99934
99995
100056
100117
100178
100239
100300
100361
100422
100483
100544
100605
100666
100727
100788
100849
100910
100971
101032
101093
101154
101215
101276
101337
101398
101459
101520
101581
101642
101703
101764
101825
101886
101947
102008
102069
102130
102191
102252
102313
102374
102435
102496
102557
102618
102679
102740
102801
102862
102923
102984
103045
103106
103167
103228
103289
103350
103411
103472
103533
103594
103655
103716
103777
103838
103899
103960
104021
104082
104143
104204
104265
104326
104387
104448
104509
104570
104631
104692
104753
104814
104875
104936
104997
105058
105119
105180
105241
105302
105363
105424
105485
105546
105607
105668
105729
105790
105851
105912
105973
106034
106095
106156
106217
106278
106339
106400
106461
106522
106583
106644
106705
106766
106827
106888
106949
107010
107071
107132
107193
107254
107315
107376
107437
107498
107559
107620
107681
107742
107803
107864
107925
107986
108047
108108
108169
108230
108291
108352
108413
108474
108535
108596
108657
108718
108779
108840
108901
108962
109023
109084
109145
109206
109267
109328
109389
109450
109511
109572
109633
109694
109755
109816
109877
109938
109999
110060
110121
110182
110243
110304
110365
110426
110487
110548
110609
110670
110731
110792
110853
110914
110975
111036
111097
111158
111219
111280
111341
111402
111463
111524
111585
111646
111707
111768
111829
111890
111951
112012
112073
112134
112195
112256
112317
112378
112439
112500
112561
112622
112683
112744
112805
112866
112927
112988
113049
113110
113171
113232
113293
113354
113415
113476
113537
113598
113659
113720
113781
113842
113903
113964
114025
114086
114147
114208
114269
114330
114391
114452
114513
114574
114635
114696
114757
114818
114879
114940
115001
115062
115123
115184
115245
115306
115367
115428
115489
115550
115611
115672
115733
115794
115855
115916
115977
116038
116099
116160
116221
116282
116343
116404
116465
116526
116587
116648
116709
116770
116831
116892
116953
117014
117075
117136
117197
117258
117319
117380
117441
117502
117563
117624
117685
117746
117807
117868
117929
117990
118051
118112
118173
118234
118295
118356
118417
118478
118539
118600
118661
118722
118783
118844
118905
118966
119027
119088
119149
119210
119271
119332
119393
119454
119515
119576
119637
119698
119759
119820
119881
119942
120003
120064
120125
120186
120247
120308
120369
120430
120491
120552
120613
120674
120735
120796
120857
120918
120979
121040
121101
121162
121223
121284
121345
121406
121467
121528
121589
121650
121711
121772
121833
121894
121955
122016
122077
122138
122199
122260
122321
122382
122443
122504
122565
122626
122687
122748
122809
122870
122931
122992
123053
123114
123175
123236
123297
123358
123419
123480
123541
123602
123663
123724
123785
123846
123907
123968
124029
124090
124151
124212
124273
124334
124395
124456
124517
124578
124639
124700
124761
124822
124883
124944
125005
125066
125127
125188
125249
125310
125371
125432
125493
125554
125615
125676
125737
125798
125859
125920
125981
126042
126103
126164
126225
126286
126347
126408
126469
126530
126591
126652
126713
126774
126835
126896
126957
127018
127079
127140
127201
127262
127323
127384
127445
127506
127567
127628
127689
127750
127811
127872
127933
127994
128055
128116
128177
128238
128299
128360
128421
128482
128543
128604
128665
128726
128787
128848
128909
128970
129031
129092
129153
129214
129275
129336
129397
129458
129519
129580
129641
129702
129763
129824
129885
129946
130007
130068
130129
130190
130251
130312
130373
130434
130495
130556
130617
130678
130739
130800
130861
130922
130983
131044
131105
131166
131227
131288
131349
131410
131471
131532
131593
131654
131715
131776
131837
131898
131959
132020
132081
132142
132203
132264
132325
132386
132447
132508
132569
132630
132691
132752
132813
132874
132935
132996
133057
133118
133179
133240
133301
133362
133423
133484
133545
133606
133667
133728
133789
133850
133911
133972
134033
134094
134155
134216
134277
134338
134399
134460
134521
134582
134643
134704
134765
134826
134887
134948
135009
135070
135131
135192
135253
135314
135375
135436
135497
135558
135619
135680
135741
135802
135863
135924
135985
136046
136107
136168
136229
136290
136351
136412
136473
136534
136595
136656
136717
136778
136839
136900
136961
137022
137083
137144
137205
137266
137327
137388
137449
137510
137571
137632
137693
137754
137815
137876
137937
137998
138059
138120
138181
138242
138303
138364
138425
138486
138547
138608
138669
138730
138791
138852
138913
138974
139035
139096
139157
139218
139279
139340
139401
139462
139523
139584
139645
139706
139767
139828
139889
139950
140011
140072
140133
140194
140255
140316
140377
140438
140499
140560
140621
140682
140743
140804
140865
140926
140987
141048
141109
141170
141231
141292
141353
141414
141475
141536
141597
141658
141719
141780
141841
141902
141963
142024
142085
142146
142207
142268
142329
142390
142451
142512
142573
142634
142695
142756
142817
142878
142939
143000
143061
143122
143183
143244
143305
143366
143427
143488
143549
143610
143671
143732
143793
143854
143915
143976
144037
144098
144159
144220
144281
144342
144403
144464
144525
144586
144647
144708
144769
144830
144891
144952
145013
145074
145135
145196
145257
145318
145379
145440
145501
145562
145623
145684
145745
145806
145867
145928
145989
146050
146111
146172
146233
146294
146355
146416
146477
146538
146599
146660
146721
146782
146843
146904
146965
147026
147087
147148
147209
147270
147331
147392
147453
147514
147575
147636
147697
147758
147819
147880
147941
148002
148063
148124
148185
148246
148307
148368
148429
148490
148551
148612
148673
148734
148795
148856
148917
148978
149039
149100
149161
149222
149283
149344
149405
149466
149527
149588
149649
149710
149771
149832
149893
149954
150015
150076
150137
150198
150259
150320
150381
150442
150503
150564
150625
150686
150747
150808
150869
150930
150991
151052
151113
151174
151235
151296
151357
151418
151479
151540
151601
151662
151723
151784
151845
151906
151967
152028
152089
152150
152211
152272
152333
152394
152455
152516
152577
152638
152699
152760
152821
152882
152943
153004
153065
153126
153187
153248
153309
153370
153431
153492
153553
153614
153675
153736
153797
153858
153919
153980
154041
154102
154163
154224
154285
154346
154407
154468
154529
154590
154651
154712
154773
154834
154895
154956
155017
155078
155139
155200
155261
155322
155383
155444
155505
155566
155627
155688
155749
155810
155871
155932
155993
156054
156115
156176
156237
156298
156359
156420
156481
156542
156603
156664
156725
156786
156847
156908
156969
157030
157091
157152
157213
157274
157335
157396
157457
157518
157579
157640
157701
157762
157823
157884
157945
158006
158067
158128
158189
158250
158311
158372
158433
158494
158555
158616
158677
158738
158799
158860
158921
158982
159043
159104
159165
159226
159287
159348
159409
159470
159531
159592
159653
159714
159775
159836
159897
159958
160019
160080
160141
160202
160263
160324
160385
160446
160507
160568
160629
160690
160751
160812
160873
160934
160995
161056
161117
161178
161239
161300
161361
161422
161483
161544
161605
161666
161727
161788
161849
161910
161971
162032
162093
162154
162215
162276
162337
162398
162459
162520
162581
162642
162703
162764
162825
162886
162947
163008
163069
163130
163191
163252
163313
163374
163435
163496
163557
163618
163679
163740
163801
163862
163923
163984
164045
164106
164167
164228
164289
164350
164411
164472
164533
164594
164655
164716
164777
164838
164899
164960
165021
165082
165143
165204
165265
165326
165387
165448
165509
165570
165631
165692
165753
165814
165875
165936
165997
166058
166119
166180
166241
166302
166363
166424
166485
166546
166607
166668
166729
166790
166851
166912
166973
167034
167095
167156
167217
167278
167339
167400
167461
167522
167583
167644
167705
167766
167827
167888
167949
168010
168071
168132
168193
168254
168315
168376
168437
168498
168559
168620
168681
168742
168803
168864
168925
168986
169047
169108
169169
169230
169291
169352
169413
169474
169535
169596
169657
169718
169779
169840
169901
169962
170023
170084
170145
170206
170267
170328
170389
170450
170511
170572
170633
170694
170755
170816
170877
170938
170999
171060
171121
171182
171243
171304
171365
171426
171487
171548
171609
171670
171731
171792
171853
171914
171975
172036
172097
172158
172219
172280
172341
172402
172463
172524
172585
172646
172707
172768
172829
172890
172951
173012
173073
173134
173195
173256
173317
173378
173439
173500
173561
173622
173683
173744
173805
173866
173927
173988
174049
174110
174171
174232
174293
174354
174415
174476
174537
174598
174659
174720
174781
174842
174903
174964
175025
175086
175147
175208
175269
175330
175391
175452
175513
175574
175635
175696
175757
175818
175879
175940
176001
176062
176123
176184
176245
176306
176367
176428
176489
176550
176611
176672
176733
176794
176855
176916
176977
177038
177099
177160
177221
177282
177343
177404
177465
177526
177587
177648
177709
177770
177831
177892
177953
178014
178075
178136
178197
178258
178319
178380
178441
178502
178563
178624
178685
178746
178807
178868
178929
178990
179051
179112
179173
179234
179295
179356
179417
179478
179539
179600
179661
179722
179783
179844
179905
179966
180027
180088
180149
180210
180271
180332
180393
180454
180515
180576
180637
180698
180759
180820
180881
180942
181003
181064
181125
181186
181247
181308
181369
181430
181491
181552
181613
181674
181735
181796
181857
181918
181979
182040
182101
182162
182223
182284
182345
182406
182467
182528
182589
182650
182711
182772
182833
182894
182955
183016
183077
183138
183199
183260
183321
183382
183443
183504
183565
183626
183687
183748
183809
183870
183931
183992
184053
184114
184175
184236
184297
184358
184419
184480
184541
184602
184663
184724
184785
184846
184907
184968
185029
185090
185151
185212
185273
185334
185395
185456
185517
185578
185639
185700
185761
185822
185883
185944
186005
186066
186127
186188
186249
186310
186371
186432
186493
186554
186615
186676
186737
186798
186859
186920
186981
187042
187103
187164
187225
187286
187347
187408
187469
187530
187591
187652
187713
187774
187835
187896
187957
188018
188079
188140
188201
188262
188323
188384
188445
188506
188567
188628
188689
188750
188811
188872
188933
188994
189055
189116
189177
189238
189299
189360
189421
189482
189543
189604
189665
189726
189787
189848
189909
189970
190031
190092
190153
190214
190275
190336
190397
190458
190519
190580
190641
190702
190763
190824
190885
190946
191007
191068
191129
191190
191251
191312
191373
191434
191495
191556
191617
191678
191739
191800
191861
191922
191983
192044
192105
192166
192227
192288
192349
192410
192471
192532
192593
192654
192715
192776
192837
192898
192959
193020
193081
193142
193203
193264
193325
193386
193447
193508
193569
193630
193691
193752
193813
193874
193935
193996
194057
194118
194179
194240
194301
194362
194423
194484
194545
194606
194667
194728
194789
194850
194911
194972
195033
195094
195155
195216
195277
195338
195399
195460
195521
195582
195643
195704
195765
195826
195887
195948
196009
196070
196131
196192
196253
196314
196375
196436
196497
196558
196619
196680
196741
196802
196863
196924
196985
197046
197107
197168
197229
197290
197351
197412
197473
197534
197595
197656
197717
197778
197839
197900
197961
198022
198083
198144
198205
198266
198327
198388
198449
198510
198571
198632
198693
198754
198815
198876
198937
198998
199059
199120
199181
199242
199303
199364
199425
199486
199547
199608
199669
199730
199791
199852
199913
199974
200035
200096
200157
200218
200279
200340
200401
200462
200523
200584
200645
200706
200767
200828
200889
200950
201011
201072
201133
201194
201255
201316
201377
201438
201499
201560
201621
201682
201743
201804
201865
201926
201987
202048
202109
202170
202231
202292
202353
202414
202475
202536
202597
202658
202719
202780
202841
202902
202963
203024
203085
203146
203207
203268
203329
203390
203451
203512
203573
203634
203695
203756
203817
203878
203939
204000
204061
204122
204183
204244
204305
204366
204427
204488
204549
204610
204671
204732
204793
204854
204915
204976
205037
205098
205159
205220
205281
205342
205403
205464
205525
205586
205647
205708
205769
205830
205891
205952
206013
206074
206135
206196
206257
206318
206379
206440
206501
206562
206623
206684
206745
206806
206867
206928
206989
207050
207111
207172
207233
207294
207355
207416
207477
207538
207599
207660
207721
207782
207843
207904
207965
208026
208087
208148
208209
208270
208331
208392
208453
208514
208575
208636
208697
208758
208819
208880
208941
209002
209063
209124
209185
209246
209307
209368
209429
209490
209551
209612
209673
209734
209795
209856
209917
209978
210039
210100
210161
210222
210283
210344
210405
210466
210527
210588
210649
210710
210771
210832
210893
210954
211015
211076
211137
211198
211259
211320
211381
211442
211503
211564
211625
211686
211747
211808
211869
211930
211991
212052
212113
212174
212235
212296
212357
212418
212479
212540
212601
212662
212723
212784
212845
212906
212967
213028
213089
213150
213211
213272
213333
213394
213455
213516
213577
213638
213699
213760
213821
213882
213943
214004
214065
214126
214187
214248
214309
214370
214431
214492
214553
214614
214675
214736
214797
214858
214919
214980
215041
215102
215163
215224
215285
215346
215407
215468
215529
215590
215651
215712
215773
215834
215895
215956
216017
216078
216139
216200
216261
216322
216383
216444
216505
216566
216627
216688
216749
216810
216871
216932
216993
217054
217115
217176
217237
217298
217359
217420
217481
217542
217603
217664
217725
217786
217847
217908
217969
218030
218091
218152
218213
218274
218335
218396
218457
218518
218579
218640
218701
218762
218823
218884
218945
219006
219067
219128
219189
219250
219311
219372
219433
219494
219555
219616
219677
219738
219799
219860
219921
219982
220043
220104
220165
220226
220287
220348
220409
220470
220531
220592
220653
220714
220775
220836
220897
220958
221019
221080
221141
221202
221263
221324
221385
221446
221507
221568
221629
221690
221751
221812
221873
221934
221995
222056
222117
222178
222239
222300
222361
222422
222483
222544
222605
222666
222727
222788
222849
222910
222971
223032
223093
223154
223215
223276
223337
223398
223459
223520
223581
223642
223703
223764
223825
223886
223947
224008
224069
224130
224191
224252
224313
224374
224435
224496
224557
224618
224679
224740
224801
224862
224923
224984
225045
225106
225167
225228
225289
225350
225411
225472
225533
225594
225655
225716
225777
225838
225899
225960
226021
226082
226143
226204
226265
226326
226387
226448
226509
226570
226631
226692
226753
226814
226875
226936
226997
227058
227119
227180
227241
227302
227363
227424
227485
227546
227607
227668
227729
227790
227851
227912
227973
228034
228095
228156
228217
228278
228339
228400
228461
228522
228583
228644
228705
228766
228827
228888
228949
229010
229071
229132
229193
229254
229315
229376
229437
229498
229559
229620
229681
229742
229803
229864
229925
229986
230047
230108
230169
230230
230291
230352
230413
230474
230535
230596
230657
230718
230779
230840
230901
230962
231023
231084
231145
231206
231267
231328
231389
231450
231511
231572
231633
231694
231755
231816
231877
231938
231999
232060
232121
232182
232243
232304
232365
232426
232487
232548
232609
232670
232731
232792
232853
232914
232975
233036
233097
233158
233219
233280
233341
233402
233463
233524
233585
233646
233707
233768
233829
233890
233951
234012
234073
234134
234195
234256
234317
234378
234439
234500
234561
234622
234683
234744
234805
234866
234927
234988
235049
235110
235171
235232
235293
235354
235415
235476
235537
235598
235659
235720
235781
235842
235903
235964
236025
236086
236147
236208
236269
236330
236391
236452
236513
236574
236635
236696
236757
236818
236879
236940
237001
237062
237123
237184
237245
237306
237367
237428
237489
237550
237611
237672
237733
237794
237855
237916
237977
238038
238099
238160
238221
238282
238343
238404
238465
238526
238587
238648
238709
238770
238831
238892
238953
239014
239075
239136
239197
239258
239319
239380
239441
239502
239563
239624
239685
239746
239807
239868
239929
239990
240051
240112
240173
240234
240295
240356
240417
240478
240539
240600
240661
240722
240783
240844
240905
240966
241027
241088
241149
241210
241271
241332
241393
241454
241515
241576
241637
241698
241759
241820
241881
241942
242003
242064
242125
242186
242247
242308
242369
242430
242491
242552
242613
242674
242735
242796
242857
242918
242979
243040
243101
243162
243223
243284
243345
243406
243467
243528
243589
243650
243711
243772
243833
243894
243955
244016
244077
244138
244199
244260
244321
244382
244443
244504
244565
244626
244687
244748
244809
244870
244931
244992
245053
245114
245175
245236
245297
245358
245419
245480
245541
245602
245663
245724
245785
245846
245907
245968
246029
246090
246151
246212
246273
246334
246395
246456
246517
246578
246639
246700
246761
246822
246883
246944
247005
247066
247127
247188
247249
247310
247371
247432
247493
247554
247615
247676
247737
247798
247859
247920
247981
248042
248103
248164
248225
248286
248347
248408
248469
248530
248591
248652
248713
248774
248835
248896
248957
249018
249079
249140
249201
249262
249323
249384
249445
249506
249567
249628
249689
249750
249811
249872
249933
249994
250055
250116
250177
250238
250299
250360
250421
250482
250543
250604
250665
250726
250787
250848
250909
250970
251031
251092
251153
251214
251275
251336
251397
251458
251519
251580
251641
251702
251763
251824
251885
251946
252007
252068
252129
252190
252251
252312
252373
252434
252495
252556
252617
252678
252739
252800
252861
252922
252983
253044
253105
253166
253227
253288
