-294571606070865841587220331539902666860172
-293663639609607722806954683947677142389933
-292755673148349604026689036355451617919694
-291847706687091485246423388763226093449455
-290939740225833366466157741171000568979216
-290031773764575247685892093578775044508977
-289123807303317128905626445986549520038738
-288215840842059010125360798394323995568499
-287307874380800891345095150802098471098260
-286399907919542772564829503209872946628021
-285491941458284653784563855617647422157782
-284583974997026535004298208025421897687543
-283676008535768416224032560433196373217304
-282768042074510297443766912840970848747065
-281860075613252178663501265248745324276826
-280952109151994059883235617656519799806587
-280044142690735941102969970064294275336348
-279136176229477822322704322472068750866109
-278228209768219703542438674879843226395870
-277320243306961584762173027287617701925631
-276412276845703465981907379695392177455392
-275504310384445347201641732103166652985153
-274596343923187228421376084510941128514914
-273688377461929109641110436918715604044675
-272780411000670990860844789326490079574436
-271872444539412872080579141734264555104197
-270964478078154753300313494142039030633958
-270056511616896634520047846549813506163719
-269148545155638515739782198957587981693480
-268240578694380396959516551365362457223241
-267332612233122278179250903773136932753002
-266424645771864159398985256180911408282763
-265516679310606040618719608588685883812524
-264608712849347921838453960996460359342285
-263700746388089803058188313404234834872046
-262792779926831684277922665812009310401807
-261884813465573565497657018219783785931568
-260976847004315446717391370627558261461329
-260068880543057327937125723035332736991090
-259160914081799209156860075443107212520851
-258252947620541090376594427850881688050612
-257344981159282971596328780258656163580373
-256437014698024852816063132666430639110134
-255529048236766734035797485074205114639895
-254621081775508615255531837481979590169656
-253713115314250496475266189889754065699417
-252805148852992377695000542297528541229178
-251897182391734258914734894705303016758939
-250989215930476140134469247113077492288700
-250081249469218021354203599520851967818461
-249173283007959902573937951928626443348222
-248265316546701783793672304336400918877983
-247357350085443665013406656744175394407744
-246449383624185546233141009151949869937505
-245541417162927427452875361559724345467266
-244633450701669308672609713967498820997027
-243725484240411189892344066375273296526788
-242817517779153071112078418783047772056549
-241909551317894952331812771190822247586310
-241001584856636833551547123598596723116071
-240093618395378714771281476006371198645832
-239185651934120595991015828414145674175593
-238277685472862477210750180821920149705354
-237369719011604358430484533229694625235115
-236461752550346239650218885637469100764876
-235553786089088120869953238045243576294637
-234645819627830002089687590453018051824398
-233737853166571883309421942860792527354159
-232829886705313764529156295268567002883920
-231921920244055645748890647676341478413681
-231013953782797526968625000084115953943442
-230105987321539408188359352491890429473203
-229198020860281289408093704899664905002964
-228290054399023170627828057307439380532725
-227382087937765051847562409715213856062486
-226474121476506933067296762122988331592247
-225566155015248814287031114530762807122008
-224658188553990695506765466938537282651769
-223750222092732576726499819346311758181530
-222842255631474457946234171754086233711291
-221934289170216339165968524161860709241052
-221026322708958220385702876569635184770813
-220118356247700101605437228977409660300574
-219210389786441982825171581385184135830335
-218302423325183864044905933792958611360096
-217394456863925745264640286200733086889857
-216486490402667626484374638608507562419618
-215578523941409507704108991016282037949379
-214670557480151388923843343424056513479140
-213762591018893270143577695831830989008901
-212854624557635151363312048239605464538662
-211946658096377032583046400647379940068423
-211038691635118913802780753055154415598184
-210130725173860795022515105462928891127945
-209222758712602676242249457870703366657706
-208314792251344557461983810278477842187467
-207406825790086438681718162686252317717228
-206498859328828319901452515094026793246989
-205590892867570201121186867501801268776750
-204682926406312082340921219909575744306511
-203774959945053963560655572317350219836272
-202866993483795844780389924725124695366033
-201959027022537726000124277132899170895794
-201051060561279607219858629540673646425555
-200143094100021488439592981948448121955316
-199235127638763369659327334356222597485077
-198327161177505250879061686763997073014838
-197419194716247132098796039171771548544599
-196511228254989013318530391579546024074360
-195603261793730894538264743987320499604121
-194695295332472775757999096395094975133882
-193787328871214656977733448802869450663643
-192879362409956538197467801210643926193404
-191971395948698419417202153618418401723165
-191063429487440300636936506026192877252926
-190155463026182181856670858433967352782687
-189247496564924063076405210841741828312448
-188339530103665944296139563249516303842209
-187431563642407825515873915657290779371970
-186523597181149706735608268065065254901731
-185615630719891587955342620472839730431492
-184707664258633469175076972880614205961253
-183799697797375350394811325288388681491014
-182891731336117231614545677696163157020775
-181983764874859112834280030103937632550536
-181075798413600994054014382511712108080297
-180167831952342875273748734919486583610058
-179259865491084756493483087327261059139819
-178351899029826637713217439735035534669580
-177443932568568518932951792142810010199341
-176535966107310400152686144550584485729102
-175627999646052281372420496958358961258863
-174720033184794162592154849366133436788624
-173812066723536043811889201773907912318385
-172904100262277925031623554181682387848146
-171996133801019806251357906589456863377907
-171088167339761687471092258997231338907668
-170180200878503568690826611405005814437429
-169272234417245449910560963812780289967190
-168364267955987331130295316220554765496951
-167456301494729212350029668628329241026712
-166548335033471093569764021036103716556473
-165640368572212974789498373443878192086234
-164732402110954856009232725851652667615995
-163824435649696737228967078259427143145756
-162916469188438618448701430667201618675517
-162008502727180499668435783074976094205278
-161100536265922380888170135482750569735039
-160192569804664262107904487890525045264800
-159284603343406143327638840298299520794561
-158376636882148024547373192706073996324322
-157468670420889905767107545113848471854083
-156560703959631786986841897521622947383844
-155652737498373668206576249929397422913605
-154744771037115549426310602337171898443366
-153836804575857430646044954744946373973127
-152928838114599311865779307152720849502888
-152020871653341193085513659560495325032649
-151112905192083074305248011968269800562410
-150204938730824955524982364376044276092171
-149296972269566836744716716783818751621932
-148389005808308717964451069191593227151693
-147481039347050599184185421599367702681454
-146573072885792480403919774007142178211215
-145665106424534361623654126414916653740976
-144757139963276242843388478822691129270737
-143849173502018124063122831230465604800498
-142941207040760005282857183638240080330259
-142033240579501886502591536046014555860020
-141125274118243767722325888453789031389781
-140217307656985648942060240861563506919542
-139309341195727530161794593269337982449303
-138401374734469411381528945677112457979064
-137493408273211292601263298084886933508825
-136585441811953173820997650492661409038586
-135677475350695055040732002900435884568347
-134769508889436936260466355308210360098108
-133861542428178817480200707715984835627869
-132953575966920698699935060123759311157630
-132045609505662579919669412531533786687391
-131137643044404461139403764939308262217152
-130229676583146342359138117347082737746913
-129321710121888223578872469754857213276674
-128413743660630104798606822162631688806435
-127505777199371986018341174570406164336196
-126597810738113867238075526978180639865957
-125689844276855748457809879385955115395718
-124781877815597629677544231793729590925479
-123873911354339510897278584201504066455240
-122965944893081392117012936609278541985001
-122057978431823273336747289017053017514762
-121150011970565154556481641424827493044523
-120242045509307035776215993832601968574284
-119334079048048916995950346240376444104045
-118426112586790798215684698648150919633806
-117518146125532679435419051055925395163567
-116610179664274560655153403463699870693328
-115702213203016441874887755871474346223089
-114794246741758323094622108279248821752850
-113886280280500204314356460687023297282611
-112978313819242085534090813094797772812372
-112070347357983966753825165502572248342133
-111162380896725847973559517910346723871894
-110254414435467729193293870318121199401655
-109346447974209610413028222725895674931416
-108438481512951491632762575133670150461177
-107530515051693372852496927541444625990938
-106622548590435254072231279949219101520699
-105714582129177135291965632356993577050460
-104806615667919016511699984764768052580221
-103898649206660897731434337172542528109982
-102990682745402778951168689580317003639743
-102082716284144660170903041988091479169504
-101174749822886541390637394395865954699265
-100266783361628422610371746803640430229026
-99358816900370303830106099211414905758787
-98450850439112185049840451619189381288548
-97542883977854066269574804026963856818309
-96634917516595947489309156434738332348070
-95726951055337828709043508842512807877831
-94818984594079709928777861250287283407592
-93911018132821591148512213658061758937353
-93003051671563472368246566065836234467114
-92095085210305353587980918473610709996875
-91187118749047234807715270881385185526636
-90279152287789116027449623289159661056397
-89371185826530997247183975696934136586158
-88463219365272878466918328104708612115919
-87555252904014759686652680512483087645680
-86647286442756640906387032920257563175441
-85739319981498522126121385328032038705202
-84831353520240403345855737735806514234963
-83923387058982284565590090143580989764724
-83015420597724165785324442551355465294485
-82107454136466047005058794959129940824246
-81199487675207928224793147366904416354007
-80291521213949809444527499774678891883768
-79383554752691690664261852182453367413529
-78475588291433571883996204590227842943290
-77567621830175453103730556998002318473051
-76659655368917334323464909405776794002812
-75751688907659215543199261813551269532573
-74843722446401096762933614221325745062334
-73935755985142977982667966629100220592095
-73027789523884859202402319036874696121856
-72119823062626740422136671444649171651617
-71211856601368621641871023852423647181378
-70303890140110502861605376260198122711139
-69395923678852384081339728667972598240900
-68487957217594265301074081075747073770661
-67579990756336146520808433483521549300422
-66672024295078027740542785891296024830183
-65764057833819908960277138299070500359944
-64856091372561790180011490706844975889705
-63948124911303671399745843114619451419466
-63040158450045552619480195522393926949227
-62132191988787433839214547930168402478988
-61224225527529315058948900337942878008749
-60316259066271196278683252745717353538510
-59408292605013077498417605153491829068271
-58500326143754958718151957561266304598032
-57592359682496839937886309969040780127793
-56684393221238721157620662376815255657554
-55776426759980602377355014784589731187315
-54868460298722483597089367192364206717076
-53960493837464364816823719600138682246837
-53052527376206246036558072007913157776598
-52144560914948127256292424415687633306359
-51236594453690008476026776823462108836120
-50328627992431889695761129231236584365881
-49420661531173770915495481639011059895642
-48512695069915652135229834046785535425403
-47604728608657533354964186454560010955164
-46696762147399414574698538862334486484925
-45788795686141295794432891270108962014686
-44880829224883177014167243677883437544447
-43972862763625058233901596085657913074208
-43064896302366939453635948493432388603969
-42156929841108820673370300901206864133730
-41248963379850701893104653308981339663491
-40340996918592583112839005716755815193252
-39433030457334464332573358124530290723013
-38525063996076345552307710532304766252774
-37617097534818226772042062940079241782535
-36709131073560107991776415347853717312296
-35801164612301989211510767755628192842057
-34893198151043870431245120163402668371818
-33985231689785751650979472571177143901579
-33077265228527632870713824978951619431340
-32169298767269514090448177386726094961101
-31261332306011395310182529794500570490862
-30353365844753276529916882202275046020623
-29445399383495157749651234610049521550384
-28537432922237038969385587017823997080145
-27629466460978920189119939425598472609906
-26721499999720801408854291833372948139667
-25813533538462682628588644241147423669428
-24905567077204563848322996648921899199189
-23997600615946445068057349056696374728950
-23089634154688326287791701464470850258711
-22181667693430207507526053872245325788472
-21273701232172088727260406280019801318233
-20365734770913969946994758687794276847994
-19457768309655851166729111095568752377755
-18549801848397732386463463503343227907516
-17641835387139613606197815911117703437277
-16733868925881494825932168318892178967038
-15825902464623376045666520726666654496799
-14917936003365257265400873134441130026560
-14009969542107138485135225542215605556321
-13102003080849019704869577949990081086082
-12194036619590900924603930357764556615843
-11286070158332782144338282765539032145604
-10378103697074663364072635173313507675365
-9470137235816544583806987581087983205126
-8562170774558425803541339988862458734887
-7654204313300307023275692396636934264648
-6746237852042188243010044804411409794409
-5838271390784069462744397212185885324170
-4930304929525950682478749619960360853931
-4022338468267831902213102027734836383692
-3114372007009713121947454435509311913453
-2206405545751594341681806843283787443214
-1298439084493475561416159251058262972975
-390472623235356781150511658832738502736
517493838022761999115135933392785967503
1425460299280880779380783525618310437742
2333426760538999559646431117843834907981
3241393221797118339912078710069359378220
4149359683055237120177726302294883848459
5057326144313355900443373894520408318698
5965292605571474680709021486745932788937
6873259066829593460974669078971457259176
7781225528087712241240316671196981729415
8689191989345831021505964263422506199654
9597158450603949801771611855648030669893
10505124911862068582037259447873555140132
11413091373120187362302907040099079610371
12321057834378306142568554632324604080610
13229024295636424922834202224550128550849
14136990756894543703099849816775653021088
15044957218152662483365497409001177491327
15952923679410781263631145001226701961566
16860890140668900043896792593452226431805
17768856601927018824162440185677750902044
18676823063185137604428087777903275372283
19584789524443256384693735370128799842522
20492755985701375164959382962354324312761
21400722446959493945225030554579848783000
22308688908217612725490678146805373253239
23216655369475731505756325739030897723478
24124621830733850286021973331256422193717
25032588291991969066287620923481946663956
25940554753250087846553268515707471134195
26848521214508206626818916107932995604434
27756487675766325407084563700158520074673
28664454137024444187350211292384044544912
29572420598282562967615858884609569015151
30480387059540681747881506476835093485390
31388353520798800528147154069060617955629
32296319982056919308412801661286142425868
33204286443315038088678449253511666896107
34112252904573156868944096845737191366346
35020219365831275649209744437962715836585
35928185827089394429475392030188240306824
36836152288347513209741039622413764777063
37744118749605631990006687214639289247302
38652085210863750770272334806864813717541
39560051672121869550537982399090338187780
40468018133379988330803629991315862658019
41375984594638107111069277583541387128258
42283951055896225891334925175766911598497
43191917517154344671600572767992436068736
44099883978412463451866220360217960538975
45007850439670582232131867952443485009214
45915816900928701012397515544669009479453
46823783362186819792663163136894533949692
47731749823444938572928810729120058419931
48639716284703057353194458321345582890170
49547682745961176133460105913571107360409
50455649207219294913725753505796631830648
51363615668477413693991401098022156300887
52271582129735532474257048690247680771126
53179548590993651254522696282473205241365
54087515052251770034788343874698729711604
54995481513509888815053991466924254181843
55903447974768007595319639059149778652082
56811414436026126375585286651375303122321
57719380897284245155850934243600827592560
58627347358542363936116581835826352062799
59535313819800482716382229428051876533038
60443280281058601496647877020277401003277
61351246742316720276913524612502925473516
62259213203574839057179172204728449943755
63167179664832957837444819796953974413994
64075146126091076617710467389179498884233
64983112587349195397976114981405023354472
65891079048607314178241762573630547824711
66799045509865432958507410165856072294950
67707011971123551738773057758081596765189
68614978432381670519038705350307121235428
69522944893639789299304352942532645705667
70430911354897908079570000534758170175906
71338877816156026859835648126983694646145
72246844277414145640101295719209219116384
73154810738672264420366943311434743586623
74062777199930383200632590903660268056862
74970743661188501980898238495885792527101
75878710122446620761163886088111316997340
76786676583704739541429533680336841467579
77694643044962858321695181272562365937818
78602609506220977101960828864787890408057
79510575967479095882226476457013414878296
80418542428737214662492124049238939348535
81326508889995333442757771641464463818774
82234475351253452223023419233689988289013
83142441812511571003289066825915512759252
84050408273769689783554714418141037229491
84958374735027808563820362010366561699730
85866341196285927344086009602592086169969
86774307657544046124351657194817610640208
87682274118802164904617304787043135110447
88590240580060283684882952379268659580686
89498207041318402465148599971494184050925
90406173502576521245414247563719708521164
91314139963834640025679895155945232991403
92222106425092758805945542748170757461642
93130072886350877586211190340396281931881
94038039347608996366476837932621806402120
94946005808867115146742485524847330872359
95853972270125233927008133117072855342598
96761938731383352707273780709298379812837
97669905192641471487539428301523904283076
98577871653899590267805075893749428753315
99485838115157709048070723485974953223554
100393804576415827828336371078200477693793
101301771037673946608602018670426002164032
102209737498932065388867666262651526634271
103117703960190184169133313854877051104510
104025670421448302949398961447102575574749
104933636882706421729664609039328100044988
105841603343964540509930256631553624515227
106749569805222659290195904223779148985466
107657536266480778070461551816004673455705
108565502727738896850727199408230197925944
109473469188997015630992847000455722396183
110381435650255134411258494592681246866422
111289402111513253191524142184906771336661
112197368572771371971789789777132295806900
113105335034029490752055437369357820277139
114013301495287609532321084961583344747378
114921267956545728312586732553808869217617
115829234417803847092852380146034393687856
116737200879061965873118027738259918158095
117645167340320084653383675330485442628334
118553133801578203433649322922710967098573
119461100262836322213914970514936491568812
120369066724094440994180618107162016039051
121277033185352559774446265699387540509290
122184999646610678554711913291613064979529
123092966107868797334977560883838589449768
124000932569126916115243208476064113920007
124908899030385034895508856068289638390246
125816865491643153675774503660515162860485
126724831952901272456040151252740687330724
127632798414159391236305798844966211800963
128540764875417510016571446437191736271202
129448731336675628796837094029417260741441
130356697797933747577102741621642785211680
131264664259191866357368389213868309681919
132172630720449985137634036806093834152158
133080597181708103917899684398319358622397
133988563642966222698165331990544883092636
134896530104224341478430979582770407562875
135804496565482460258696627174995932033114
136712463026740579038962274767221456503353
137620429487998697819227922359446980973592
138528395949256816599493569951672505443831
139436362410514935379759217543898029914070
140344328871773054160024865136123554384309
141252295333031172940290512728349078854548
142160261794289291720556160320574603324787
143068228255547410500821807912800127795026
143976194716805529281087455505025652265265
144884161178063648061353103097251176735504
145792127639321766841618750689476701205743
146700094100579885621884398281702225675982
147608060561838004402150045873927750146221
148516027023096123182415693466153274616460
149423993484354241962681341058378799086699
150331959945612360742946988650604323556938
151239926406870479523212636242829848027177
152147892868128598303478283835055372497416
153055859329386717083743931427280896967655
153963825790644835864009579019506421437894
154871792251902954644275226611731945908133
155779758713161073424540874203957470378372
156687725174419192204806521796182994848611
157595691635677310985072169388408519318850
158503658096935429765337816980634043789089
159411624558193548545603464572859568259328
160319591019451667325869112165085092729567
161227557480709786106134759757310617199806
162135523941967904886400407349536141670045
163043490403226023666666054941761666140284
163951456864484142446931702533987190610523
164859423325742261227197350126212715080762
165767389787000380007462997718438239551001
166675356248258498787728645310663764021240
167583322709516617567994292902889288491479
168491289170774736348259940495114812961718
169399255632032855128525588087340337431957
170307222093290973908791235679565861902196
171215188554549092689056883271791386372435
172123155015807211469322530864016910842674
173031121477065330249588178456242435312913
173939087938323449029853826048467959783152
174847054399581567810119473640693484253391
175755020860839686590385121232919008723630
176662987322097805370650768825144533193869
177570953783355924150916416417370057664108
178478920244614042931182064009595582134347
179386886705872161711447711601821106604586
180294853167130280491713359194046631074825
181202819628388399271979006786272155545064
182110786089646518052244654378497680015303
183018752550904636832510301970723204485542
183926719012162755612775949562948728955781
184834685473420874393041597155174253426020
185742651934678993173307244747399777896259
186650618395937111953572892339625302366498
187558584857195230733838539931850826836737
188466551318453349514104187524076351306976
189374517779711468294369835116301875777215
190282484240969587074635482708527400247454
191190450702227705854901130300752924717693
192098417163485824635166777892978449187932
193006383624743943415432425485203973658171
193914350086002062195698073077429498128410
194822316547260180975963720669655022598649
195730283008518299756229368261880547068888
196638249469776418536495015854106071539127
197546215931034537316760663446331596009366
198454182392292656097026311038557120479605
199362148853550774877291958630782644949844
200270115314808893657557606223008169420083
201178081776067012437823253815233693890322
202086048237325131218088901407459218360561
202994014698583249998354548999684742830800
203901981159841368778620196591910267301039
204809947621099487558885844184135791771278
205717914082357606339151491776361316241517
206625880543615725119417139368586840711756
207533847004873843899682786960812365181995
208441813466131962679948434553037889652234
209349779927390081460214082145263414122473
210257746388648200240479729737488938592712
211165712849906319020745377329714463062951
212073679311164437801011024921939987533190
212981645772422556581276672514165512003429
213889612233680675361542320106391036473668
214797578694938794141807967698616560943907
215705545156196912922073615290842085414146
216613511617455031702339262883067609884385
217521478078713150482604910475293134354624
218429444539971269262870558067518658824863
219337411001229388043136205659744183295102
220245377462487506823401853251969707765341
221153343923745625603667500844195232235580
222061310385003744383933148436420756705819
222969276846261863164198796028646281176058
223877243307519981944464443620871805646297
224785209768778100724730091213097330116536
225693176230036219504995738805322854586775
226601142691294338285261386397548379057014
227509109152552457065527033989773903527253
228417075613810575845792681581999427997492
229325042075068694626058329174224952467731
230233008536326813406323976766450476937970
231140974997584932186589624358676001408209
232048941458843050966855271950901525878448
232956907920101169747120919543127050348687
233864874381359288527386567135352574818926
234772840842617407307652214727578099289165
235680807303875526087917862319803623759404
236588773765133644868183509912029148229643
237496740226391763648449157504254672699882
238404706687649882428714805096480197170121
239312673148908001208980452688705721640360
240220639610166119989246100280931246110599
241128606071424238769511747873156770580838
242036572532682357549777395465382295051077
242944538993940476330043043057607819521316
243852505455198595110308690649833343991555
244760471916456713890574338242058868461794
245668438377714832670839985834284392932033
246576404838972951451105633426509917402272
247484371300231070231371281018735441872511
248392337761489189011636928610960966342750
249300304222747307791902576203186490812989
250208270684005426572168223795412015283228
251116237145263545352433871387637539753467
252024203606521664132699518979863064223706
252932170067779782912965166572088588693945
253840136529037901693230814164314113164184
254748102990296020473496461756539637634423
255656069451554139253762109348765162104662
256564035912812258034027756940990686574901
257472002374070376814293404533216211045140
258379968835328495594559052125441735515379
259287935296586614374824699717667259985618
260195901757844733155090347309892784455857
261103868219102851935355994902118308926096
262011834680360970715621642494343833396335
262919801141619089495887290086569357866574
263827767602877208276152937678794882336813
264735734064135327056418585271020406807052
265643700525393445836684232863245931277291
266551666986651564616949880455471455747530
267459633447909683397215528047696980217769
268367599909167802177481175639922504688008
269275566370425920957746823232148029158247
270183532831684039738012470824373553628486
271091499292942158518278118416599078098725
271999465754200277298543766008824602568964
272907432215458396078809413601050127039203
273815398676716514859075061193275651509442
274723365137974633639340708785501175979681
275631331599232752419606356377726700449920
276539298060490871199872003969952224920159
277447264521748989980137651562177749390398
278355230983007108760403299154403273860637
279263197444265227540668946746628798330876
280171163905523346320934594338854322801115
281079130366781465101200241931079847271354
281987096828039583881465889523305371741593
282895063289297702661731537115530896211832
283803029750555821441997184707756420682071
284710996211813940222262832299981945152310
285618962673072059002528479892207469622549
286526929134330177782794127484432994092788
287434895595588296563059775076658518563027
288342862056846415343325422668884043033266
289250828518104534123591070261109567503505
290158794979362652903856717853335091973744
291066761440620771684122365445560616443983
291974727901878890464388013037786140914222
292882694363137009244653660630011665384461
293790660824395128024919308222237189854700
294698627285653246805184955814462714324939
295606593746911365585450603406688238795178
296514560208169484365716250998913763265417
297422526669427603145981898591139287735656
298330493130685721926247546183364812205895
299238459591943840706513193775590336676134
300146426053201959486778841367815861146373
301054392514460078267044488960041385616612
301962358975718197047310136552266910086851
302870325436976315827575784144492434557090
303778291898234434607841431736717959027329
304686258359492553388107079328943483497568
305594224820750672168372726921169007967807
306502191282008790948638374513394532438046
307410157743266909728904022105620056908285
308318124204525028509169669697845581378524
309226090665783147289435317290071105848763
310134057127041266069700964882296630319002
311042023588299384849966612474522154789241
311949990049557503630232260066747679259480
312857956510815622410497907658973203729719
313765922972073741190763555251198728199958
314673889433331859971029202843424252670197
315581855894589978751294850435649777140436
316489822355848097531560498027875301610675
317397788817106216311826145620100826080914
318305755278364335092091793212326350551153
319213721739622453872357440804551875021392
320121688200880572652623088396777399491631
321029654662138691432888735989002923961870
321937621123396810213154383581228448432109
322845587584654928993420031173453972902348
323753554045913047773685678765679497372587
324661520507171166553951326357905021842826
325569486968429285334216973950130546313065
326477453429687404114482621542356070783304
327385419890945522894748269134581595253543
328293386352203641675013916726807119723782
329201352813461760455279564319032644194021
330109319274719879235545211911258168664260
331017285735977998015810859503483693134499
331925252197236116796076507095709217604738
332833218658494235576342154687934742074977
333741185119752354356607802280160266545216
334649151581010473136873449872385791015455
335557118042268591917139097464611315485694
336465084503526710697404745056836839955933
337373050964784829477670392649062364426172
338281017426042948257936040241287888896411
339188983887301067038201687833513413366650
340096950348559185818467335425738937836889
341004916809817304598732983017964462307128
341912883271075423378998630610189986777367
342820849732333542159264278202415511247606
343728816193591660939529925794641035717845
344636782654849779719795573386866560188084
345544749116107898500061220979092084658323
346452715577366017280326868571317609128562
347360682038624136060592516163543133598801
348268648499882254840858163755768658069040
349176614961140373621123811347994182539279
350084581422398492401389458940219707009518
350992547883656611181655106532445231479757
351900514344914729961920754124670755949996
352808480806172848742186401716896280420235
353716447267430967522452049309121804890474
354624413728689086302717696901347329360713
355532380189947205082983344493572853830952
356440346651205323863248992085798378301191
357348313112463442643514639678023902771430
358256279573721561423780287270249427241669
359164246034979680204045934862474951711908
360072212496237798984311582454700476182147
360980178957495917764577230046926000652386
361888145418754036544842877639151525122625
362796111880012155325108525231377049592864
363704078341270274105374172823602574063103
364612044802528392885639820415828098533342
365520011263786511665905468008053623003581
366427977725044630446171115600279147473820
367335944186302749226436763192504671944059
368243910647560868006702410784730196414298
369151877108818986786968058376955720884537
370059843570077105567233705969181245354776
370967810031335224347499353561406769825015
371875776492593343127765001153632294295254
372783742953851461908030648745857818765493
373691709415109580688296296338083343235732
374599675876367699468561943930308867705971
375507642337625818248827591522534392176210
376415608798883937029093239114759916646449
377323575260142055809358886706985441116688
378231541721400174589624534299210965586927
379139508182658293369890181891436490057166
380047474643916412150155829483662014527405
380955441105174530930421477075887538997644
381863407566432649710687124668113063467883
382771374027690768490952772260338587938122
383679340488948887271218419852564112408361
384587306950207006051484067444789636878600
385495273411465124831749715037015161348839
386403239872723243612015362629240685819078
387311206333981362392281010221466210289317
388219172795239481172546657813691734759556
389127139256497599952812305405917259229795
390035105717755718733077952998142783700034
390943072179013837513343600590368308170273
391851038640271956293609248182593832640512
392759005101530075073874895774819357110751
393666971562788193854140543367044881580990
394574938024046312634406190959270406051229
395482904485304431414671838551495930521468
396390870946562550194937486143721454991707
397298837407820668975203133735946979461946
398206803869078787755468781328172503932185
399114770330336906535734428920398028402424
400022736791595025316000076512623552872663
400930703252853144096265724104849077342902
401838669714111262876531371697074601813141
402746636175369381656797019289300126283380
403654602636627500437062666881525650753619
404562569097885619217328314473751175223858
405470535559143737997593962065976699694097
406378502020401856777859609658202224164336
407286468481659975558125257250427748634575
408194434942918094338390904842653273104814
409102401404176213118656552434878797575053
410010367865434331898922200027104322045292
410918334326692450679187847619329846515531
411826300787950569459453495211555370985770
412734267249208688239719142803780895456009
413642233710466807019984790396006419926248
414550200171724925800250437988231944396487
415458166632983044580516085580457468866726
416366133094241163360781733172682993336965
417274099555499282141047380764908517807204
418182066016757400921313028357134042277443
419090032478015519701578675949359566747682
419997998939273638481844323541585091217921
420905965400531757262109971133810615688160
421813931861789876042375618726036140158399
422721898323047994822641266318261664628638
423629864784306113602906913910487189098877
424537831245564232383172561502712713569116
425445797706822351163438209094938238039355
426353764168080469943703856687163762509594
427261730629338588723969504279389286979833
428169697090596707504235151871614811450072
429077663551854826284500799463840335920311
429985630013112945064766447056065860390550
430893596474371063845032094648291384860789
431801562935629182625297742240516909331028
432709529396887301405563389832742433801267
433617495858145420185829037424967958271506
434525462319403538966094685017193482741745
435433428780661657746360332609419007211984
436341395241919776526625980201644531682223
437249361703177895306891627793870056152462
438157328164436014087157275386095580622701
439065294625694132867422922978321105092940
