2 7 5
19 40 30
103 999 444
527 1259 100
228 1061 100
163961 167191 100
239849 3892411 100
34709 100333 100
666 10545 2331
20785 253577 78983
102 223 100
51 89 10
105 401 100
981 1237 100
123456789 9876543211 100
1000000001 11111111113 100
5 11 10
8 13 10
21 37 10
55 89 10
149 233 100
1719139 32951280099 100
319025879631711576242 3311648143516982017180081 100
2521002521 5358359254990966640871929 100
12870646913 453973694165307953197296969697410619233826 100
156137 734544867157818093234908902110449296423351 1447301