5737
100991
7591
7593
19
61
119495264611775957081129624533953850662614520288202911841212160897677862701131986745492592049345632020446051898826622345281060927817174053401698429471772591380157583160457482341848314653284051126727888755773074384184727993548169100681030611583670727820027012486590930081604451658766361989306119141579211856237
101
13679
13695
97
617560087609774734490203654830915724538233915640808453942026754565036249158847
102161
17292734957729402292603696119956056175780522835007099480766867124294912958101
100999
102167
5735
1729273495772940229260369611995605617880522835007099480766867124294912958101
61756008760977473449020341830915724538233915640808453942026754565036249158847
2939765302842496068123454220742023929059483077481762990763286569543295590606723000038753164143855425041938271852021455267447736591704818193482586445904641
59902043357212973837666589673608739073
12920101303831225915451104843693007442018390366705266893047533609243388618971312752665656004807893546855844617583585337065811764896902730361770949871909781
232654089331742030243464131010838304671
157255062967954331485593500135056262602486711865194938039481290107645337054918750890311946063706938134061893574669347133137283388963924028150433959221725716792500897602285122410185795974476401991370400572279200664821112153864456060186117802086892180708642914022849849646336742395199700396154969746679762577139